1 -0.0236726 -0.00811691
2 -0.159148 -0.065545
3 -0.0569953 -0.0092642
4 0.0162927 0.0113504
5 0.123103 0.04428
6 0.0478698 0.0074851
7 -0.213947 -0.0955964
8 -0.210777 -0.0687159
9 -0.175394 -0.054698
10 -0.0912893 -0.0231862
11 -0.461723 -0.188564
12 -0.12198 -0.00919442
13 -0.0149085 0.00175644
14 -0.0222342 -0.0120942
15 -0.054397 -0.0250331
16 -0.0731356 -0.0299065
17 0.0807232 0.0368302
18 0.187085 0.0666774
19 0.251902 0.0840205
20 0.287282 0.0932597
21 0.277026 0.0862454
22 0.253756 0.0782591
23 0.22574 0.0694965
24 0.175238 0.051613
25 0.12115 0.0343098
26 0.06271 0.0153617
27 0.0482731 0.0152871
28 0.106106 0.0413391
29 0.17865 0.0665601
30 0.223479 0.0788045
31 0.0533777 0.00303892
32 -0.0411334 -0.019769
33 -0.0364983 -0.00848061
34 0.00828112 0.0098881
35 0.0451931 0.0210488
36 -0.0688827 -0.0307609
37 -0.159373 -0.0537908
38 -0.219452 -0.075158
39 -0.252533 -0.0838019
40 -0.271876 -0.0894332
41 -0.258245 -0.0825489
42 -0.221641 -0.0692031
43 -0.168904 -0.0512206
44 -0.103018 -0.0291314
45 -0.0181932 -0.000148
46 0.0646377 0.0263523
47 0.14356 0.0516474
48 0.215669 0.0746877
49 0.232289 0.0751544
50 0.20379 0.0621339
51 0.140922 0.039002
52 0.0574681 0.0104107
53 -0.0485104 -0.0259004
54 -0.0785752 -0.0281655
55 -0.0359971 -0.00738419
56 0.0461443 0.0229958
57 0.109364 0.0416618
58 0.0464729 0.00906526
59 -0.0259149 -0.0151263
60 -0.091595 -0.0357479
61 -0.201193 -0.0758147
62 -0.34662 -0.126974
63 -0.441629 -0.15366
64 -0.437391 -0.143692
65 -0.149471 -0.0236372
66 0.188082 0.0899072
67 0.609581 0.23501
68 0.582998 0.183445
69 0.424153 0.120661
70 0.0731247 -0.0106676
71 -0.301739 -0.133913
72 -0.458541 -0.146603
73 -0.264199 -0.0657719
74 0.0870552 0.0625818
75 0.488783 0.197648
76 0.262937 0.0634093
77 -0.386569 -0.187959
78 -0.599152 -0.21409
79 0.233073 0.157402
80 1.0459 0.418705
81 -0.967449 -0.511087
82 -1.05663 -0.350377
83 0.799891 0.440678
84 1.70798 0.641547
85 -0.787045 -0.499533
86 -0.110898 0.0336184
87 -0.0820432 -0.0221232
88 -0.139379 -0.0495079
89 -0.210306 -0.0741948
90 -0.319517 -0.109427
91 -0.407085 -0.141966
92 -0.547903 -0.193997
93 -0.604236 -0.205387
94 -0.773713 -0.253987
95 -0.967514 -0.338286
96 -1.13935 -0.373893
97 -1.13997 -0.377574
98 -0.056884 -0.0309241
99 0.0347559 0.00176815
100 2.96377 1.2
101 2.04252 0.564091
102 -1.90302 -1.00662
103 -1.88035 -0.608186
104 -1.88035 -0.610452
105 -1.88035 -0.610452
106 -1.88035 -0.610452
107 -1.88045 -0.610483
108 -1.88047 -0.610491
109 -1.88047 -0.610491
110 -1.88047 -0.610491
111 -1.88047 -0.610491
112 -1.88053 -0.610508
113 -1.88052 -0.610506
114 -1.88052 -0.610506
115 -1.88052 -0.610506
116 -1.88059 -0.610527
117 -1.92312 -0.62414
118 -1.92312 -0.62414
119 -1.92312 -0.62414
120 -1.92312 -0.62414
121 -1.92315 -0.624148
122 -1.92315 -0.624148
123 -1.92315 -0.624148
124 -1.92315 -0.624148
125 -1.92315 -0.624148
126 -1.92317 -0.629927
127 -1.92317 -0.629925
128 -1.92317 -0.629925
129 -1.92317 -0.629925
130 -1.92317 -0.629925
131 -1.92319 -0.629931
132 -1.92319 -0.629931
133 -1.92319 -0.629931
134 -1.92319 -0.629931
135 -1.9232 -0.629933
136 -1.9232 -0.629933
137 -1.9232 -0.629933
138 -1.9232 -0.629933
139 -1.9232 -0.629933
140 -1.9232 -0.629933
141 -1.9232 -0.629932
142 -1.9232 -0.629932
143 -1.9232 -0.629932
144 -1.9232 -0.629932
145 -1.92321 -0.629937
146 -2.0009 -0.654796
147 -2.0009 -0.654796
148 -2.0009 -0.654796
149 -1.13302 -0.377076
150 2.67291 1.2
151 -2.83418 -1.2
