1 -2.19099 0.56506 0
2 2.99883 0 1
3 1.72611 0 0.225114
4 0.499956 0.0150097 0
5 2.99964 0 0.737927
6 0.68607 0.080512 0
7 -0.0519789 0.070616 0
8 2.99967 0 0.921384
9 2.80438 0 0.560155
10 -0.339089 0.363661 0
11 1.50458 0 0.505141
12 1.78356 0 0.406073
13 1.64495 0 0.338072
14 1.15723 0 0.206658
15 1.62968 0 0.398633
16 1.38494 0 0.279212
17 1.32597 0 0.287186
18 1.49418 0 0.344892
19 1.2988 0 0.270627
20 1.38809 0 0.3182
21 1.4315 0 0.323582
22 1.30822 0 0.283435
23 1.43512 0 0.335126
24 1.3441 0 0.296337
25 1.38919 0 0.320218
26 1.31907 0 0.295861
27 1.42586 0 0.336193
28 1.29078 0 0.286151
29 1.41915 0 0.339448
30 1.34708 0 0.306201
31 1.25161 0 0.285896
32 1.45632 0 0.358165
33 1.22203 0 0.268506
34 1.36789 0 0.336925
35 1.32973 0 0.312087
36 1.30984 0 0.311115
37 1.34617 0 0.32461
38 1.3047 0 0.311526
39 1.31218 0 0.319099
40 1.29964 0 0.31576
41 1.28617 0 0.314129
42 1.27517 0 0.313324
43 1.32196 0 0.329651
44 1.22474 0 0.296908
45 1.30209 0 0.331005
46 1.26049 0 0.311927
47 1.27052 0 0.320238
48 1.29003 0 0.32625
49 1.21507 0 0.302903
50 1.25525 0 0.323584
51 1.26752 0 0.324387
52 1.2012 0 0.304346
53 1.28593 0 0.337555
54 1.21221 0 0.308057
55 1.20768 0 0.315155
56 1.26942 0 0.335275
57 1.15547 0 0.295956
58 1.26428 0 0.34113
59 1.21284 0 0.315909
60 1.1893 0 0.31506
61 1.21498 0 0.326213
62 1.20824 0 0.322711
63 1.22855 0 0.330583
64 1.13872 0 0.302626
65 1.28785 0 0.357508
66 1.07695 0 0.280295
67 1.30129 0 0.369858
68 1.11611 0 0.292875
69 1.16015 0 0.32565
70 1.21597 0 0.339084
71 1.12481 0 0.307168
72 1.20281 0 0.331884
73 1.16437 0 0.321398
74 1.17421 0 0.329254
75 1.12433 0 0.314316
76 1.17989 0 0.337035
77 1.1484 0 0.323063
78 1.13991 0 0.324692
79 1.19673 0 0.343665
80 1.08843 0 0.306472
81 1.19982 0 0.351798
82 1.16175 0 0.330284
83 1.07988 0 0.310502
84 0.302096 0 0.0856261
85 0.317214 0 0.168225
86 0.785853 0 0.308012
87 0.547143 0 0.190028
88 0.682185 0 0.255026
89 0.487356 0 0.183511
90 0.748973 0 0.269747
91 0.474207 0 0.174663
92 0.765501 0 0.290217
93 0.470121 0 0.172896
94 0.57255 0 0.22292
95 -0.265358 0.0286913 0
96 -0.000268357 0 0.108118
97 -0.0147928 0 0.103747
98 2.97881 0 0.703921
99 -2.7711 0.645207 0
100 2.99901 0 1
101 -0.0244609 0.203887 0
102 -0.675364 0.0974178 0
103 2.99877 0 1
104 2.99877 0 0.705198
105 2.99877 0 0.705198
106 2.99877 0 0.705198
107 2.99907 0 0.705259
108 2.99907 0 0.705259
109 2.99907 0 0.705259
110 2.99907 0 0.705259
111 2.99907 0 0.705259
112 2.99939 0 0.705322
113 2.99939 0 0.705322
114 2.99939 0 0.705322
115 2.99939 0 0.705322
116 2.99962 0 0.705368
117 2.99962 0 0.705368
118 2.99962 0 0.705368
119 2.99962 0 0.705368
120 2.99962 0 0.705368
121 2.99976 0 0.705396
122 2.99976 0 0.705396
123 2.99976 0 0.705396
124 2.99976 0 0.705396
125 2.99976 0 0.705396
126 2.99982 0 0.708115
127 2.99982 0 0.708108
128 2.99982 0 0.708108
129 2.99982 0 0.708108
130 2.99982 0 0.708108
131 2.9999 0 0.708124
132 2.9999 0 0.708124
133 2.9999 0 0.708124
134 2.9999 0 0.708124
135 2.99994 0 0.708132
136 2.99994 0 0.708132
137 2.99994 0 0.708132
138 2.99994 0 0.708132
139 2.99994 0 0.708132
140 3 0 0.708144
141 3 0 0.708144
142 3 0 0.708144
143 3 0 0.708144
144 3 0 0.708144
145 2.99995 0 0.708134
146 2.99995 0 0.708134
147 2.99995 0 0.708134
148 2.99995 0 0.708134
149 2.98152 0 0.704448
150 -0.0864916 0.216033 0
151 2.99889 0 1
